    5900
    5918
    5835
    5859
    5882
    5870
    5898
    5848
    5868
    5862
    5867
    5837
    5827
    5821
    5846
    5865
    5862
    5892
    5891
    5823
    5850
    5870
    5870
    5881
    5874
    5873
    5939
    5877
    5880
    5876
    5815
    5880
    5853
    5847
    5862
    5869
    5842
    5843
    5866
    5902
    5849
    5851
    5859
    5860
    5835
    5826
    5845
    5869
    5860
    5833
    5858
    5853
    5815
    5840
    5896
    5833
    5826
    5866
    5867
    5838
    5850
    5825
    5832
    5877
    5886
    5863
    5861
    5854
    5874
    5858
    5854
    5869
    5883
    5819
    5844
    5828
    5861
    5870
    5897
    5834
    5861
    5851
    5893
    5848
    5891
    5877
    5839
    5856
    5832
    5870
    5829
